4 0.496875 0.4359375 0.0484375 0.090625
4 0.5921875 0.4921875 0.0296875 0.0578125
4 0.65390625 0.4953125 0.025 0.053125
4 0.703125 0.50859375 0.0234375 0.0421875
4 0.74296875 0.52109375 0.0203125 0.040625
4 0.77109375 0.52265625 0.015625 0.0296875
4 0.7890625 0.53125 0.0171875 0.0328125
3 0.796875 0.5640625 0.0265625 0.0484375
3 0.75 0.56484375 0.04375 0.0671875
3 0.709375 0.56640625 0.046875 0.0875
3 0.49453125 0.56640625 0.1265625 0.175
3 0.65546875 0.56640625 0.059375 0.103125
3 0.59140625 0.5734375 0.0671875 0.1046875