4 0.78515625 0.3546875 0.0390625 0.0828125
4 0.42265625 0.3625 0.053125 0.096875
4 0.11875 0.365625 0.0421875 0.090625
4 0.82578125 0.36640625 0.0546875 0.096875
4 0.228125 0.36953125 0.05 0.0796875
4 0.73203125 0.384375 0.0484375 0.0703125
4 0.52578125 0.390625 0.0484375 0.0890625
4 0.646875 0.3921875 0.04375 0.0875
3 0.23671875 0.46796875 0.0984375 0.13125
3 0.39921875 0.4734375 0.125 0.1625
2 0.1203125 0.4828125 0.1203125 0.146875
3 0.72265625 0.48828125 0.071875 0.146875
3 0.83125 0.4984375 0.125 0.1796875
3 0.5296875 0.4984375 0.1046875 0.1578125
2 0.646875 0.51171875 0.1078125 0.16875