4 0.15 0.325 0.071875 0.1171875
4 0.87578125 0.35625 0.0625 0.1140625
4 0.32578125 0.35859375 0.0296875 0.0609375
4 0.5671875 0.35859375 0.028125 0.0734375
4 0.3921875 0.3640625 0.021875 0.0625
4 0.46875 0.3671875 0.0328125 0.0734375
4 0.41875 0.37265625 0.03125 0.0734375
4 0.36640625 0.3734375 0.0328125 0.0578125
4 0.67578125 0.38046875 0.05 0.084375
4 0.534375 0.38046875 0.0390625 0.06875
4 0.60234375 0.38984375 0.04375 0.08125
4 0.75703125 0.4078125 0.0546875 0.090625
2 0.321875 0.4453125 0.0609375 0.128125
2 0.36171875 0.46484375 0.0625 0.1171875
2 0.4734375 0.4671875 0.084375 0.128125
2 0.41484375 0.47109375 0.075 0.128125
2 0.14296875 0.47421875 0.1265625 0.1875
2 0.5390625 0.490625 0.06875 0.165625
2 0.6046875 0.5109375 0.0875 0.165625
2 0.68125 0.5125 0.0828125 0.1859375
2 0.87890625 0.5328125 0.1109375 0.253125
2 0.75234375 0.54765625 0.0984375 0.19375