4 0.47265625 0.4171875 0.078125 0.1625
4 0.60625 0.4984375 0.1546875 0.2953125
2 0.11875 0.56640625 0.2375 0.384375
2 0.46640625 0.56640625 0.1453125 0.178125
2 0.93984375 0.59375 0.1203125 0.4203125
2 0.28125 0.6015625 0.290625 0.446875
2 0.7984375 0.68984375 0.3171875 0.4359375
4 0.78125 0.7328125 0.1546875 0.221875
2 0.75390625 0.9296875 0.4484375 0.140625
4 0.9671875 0.27109375 0.065625 0.2984375
4 0.3234375 0.296875 0.146875 0.2875
4 0.18984375 0.3078125 0.1 0.1953125
4 0.9328125 0.325 0.078125 0.1734375