4 0.91640625 0.30859375 0.05 0.0953125
4 0.1375 0.35234375 0.053125 0.1140625
4 0.36328125 0.35390625 0.04375 0.0828125
4 0.440625 0.3671875 0.0359375 0.0671875
4 0.72109375 0.3671875 0.04375 0.071875
4 0.59609375 0.371875 0.034375 0.0625
4 0.2484375 0.378125 0.05 0.0875
2 0.9234375 0.4265625 0.1296875 0.1578125
2 0.43828125 0.44375 0.0828125 0.121875
2 0.72890625 0.4640625 0.1328125 0.134375
2 0.5984375 0.465625 0.0953125 0.1296875
2 0.34375 0.465625 0.075 0.1796875
2 0.2484375 0.490625 0.103125 0.16875
2 0.12890625 0.49921875 0.1265625 0.203125