4 0.3109375 0.3703125 0.046875 0.0703125
4 0.85078125 0.375 0.0671875 0.115625
4 0.72578125 0.3765625 0.046875 0.0859375
4 0.07890625 0.378125 0.040625 0.0828125
4 0.490625 0.38125 0.03125 0.0609375
4 0.215625 0.3828125 0.04375 0.0703125
4 0.5765625 0.39453125 0.046875 0.0765625
4 0.44921875 0.39609375 0.0375 0.0734375
2 0.49609375 0.45703125 0.046875 0.1015625
2 0.3171875 0.47734375 0.0984375 0.146875
2 0.21640625 0.47890625 0.096875 0.1375
2 0.0828125 0.484375 0.09375 0.15
2 0.57890625 0.5046875 0.0921875 0.1484375
2 0.7203125 0.5109375 0.1046875 0.1859375
2 0.45 0.52109375 0.0875 0.2015625
2 0.86015625 0.52109375 0.13125 0.2046875