0 0.69609375 0.4265625 0.065625 0.1015625
0 0.78125 0.43984375 0.084375 0.1203125
0 0.5828125 0.4453125 0.04375 0.075
0 0.5390625 0.446875 0.0421875 0.0640625
0 0.65078125 0.44921875 0.046875 0.0859375
0 0.3390625 0.45625 0.046875 0.0796875
0 0.428125 0.4734375 0.0359375 0.04375
2 0.42578125 0.53203125 0.075 0.0796875
2 0.5140625 0.534375 0.075 0.115625
2 0.57578125 0.55234375 0.103125 0.146875
2 0.32734375 0.55625 0.1125 0.15
2 0.721875 0.55703125 0.090625 0.203125
2 0.65625 0.56796875 0.078125 0.1734375
2 0.821875 0.61484375 0.15 0.2671875