4 0.51796875 0.47734375 0.046875 0.0890625
4 0.665625 0.484375 0.0484375 0.071875
4 0.48125 0.48671875 0.046875 0.0796875
1 0.590625 0.4890625 0.065625 0.071875
4 0.37109375 0.50390625 0.0421875 0.0640625
0 0.278125 0.51171875 0.0390625 0.053125
4 0.1953125 0.515625 0.05 0.078125
2 0.59609375 0.58125 0.0859375 0.1171875
2 0.47265625 0.58515625 0.06875 0.153125
2 0.68515625 0.58671875 0.090625 0.146875
2 0.52109375 0.59296875 0.071875 0.1484375
2 0.278125 0.59453125 0.071875 0.1125
2 0.37734375 0.60234375 0.0796875 0.1328125
2 0.1953125 0.615625 0.084375 0.128125