4 0.084375 0.234375 0.1140625 0.16875
0 0.521875 0.2515625 0.08125 0.1109375
0 0.8015625 0.25546875 0.0640625 0.1171875
0 0.33671875 0.26328125 0.06875 0.125
0 0.953125 0.28515625 0.09375 0.134375
2 0.6609375 0.390625 0.1296875 0.246875
2 0.51796875 0.42265625 0.1296875 0.2828125
2 0.346875 0.45859375 0.1390625 0.2734375
2 0.8265625 0.459375 0.15625 0.309375
2 0.07734375 0.525 0.1546875 0.44375
2 0.225 0.52734375 0.1796875 0.5390625
2 0.9328125 0.540625 0.134375 0.4140625
4 0.225 0.18828125 0.1265625 0.2265625
4 0.6578125 0.2109375 0.0671875 0.125