4 0.07421875 0.30078125 0.07890625 0.09375
4 0.9609375 0.36640625 0.04375 0.084375
2 0.78046875 0.4609375 0.128125 0.2890625
2 0.55546875 0.4640625 0.140625 0.2828125
2 0.3609375 0.4671875 0.146875 0.321875
2 0.896875 0.471875 0.1421875 0.3578125
0 0.14609375 0.475 0.021875 0.04375
2 0.97109375 0.4953125 0.0546875 0.2203125
2 0.265625 0.4984375 0.0921875 0.2859375
2 0.1453125 0.5328125 0.040625 0.09375
2 0.06796875 0.540625 0.1296875 0.2953125
4 0.8671875 0.1984375 0.08125 0.0890625
4 0.3765625 0.21171875 0.09921875 0.0953125
4 0.76796875 0.23359375 0.071875 0.0859375
4 0.559375 0.24453125 0.09296875 0.10390625
4 0.30234375 0.28203125 0.07265625 0.0953125