4 0.453125 0.4765625 0.05 0.09375
4 0.25390625 0.50234375 0.08125 0.1375
4 0.32578125 0.51171875 0.0390625 0.096875
4 0.65234375 0.5125 0.040625 0.0671875
4 0.5390625 0.52265625 0.0484375 0.0859375
4 0.5984375 0.52890625 0.0640625 0.1015625
4 0.3625 0.5296875 0.0609375 0.10625
3 0.65703125 0.6078125 0.071875 0.1453125
3 0.44609375 0.61953125 0.1 0.2125
3 0.540625 0.6640625 0.075 0.19375
3 0.58515625 0.6890625 0.0828125 0.246875
3 0.36171875 0.7015625 0.11875 0.25
3 0.23828125 0.7015625 0.128125 0.3015625