4 0.13203125 0.39140625 0.0734375 0.1515625
4 0.0328125 0.39765625 0.065625 0.1984375
4 0.315625 0.40546875 0.046875 0.1171875
4 0.4703125 0.41953125 0.040625 0.0953125
4 0.66875 0.42109375 0.0390625 0.103125
4 0.52421875 0.428125 0.0359375 0.0859375
4 0.19765625 0.446875 0.0625 0.1171875
4 0.70234375 0.446875 0.0578125 0.1
4 0.58515625 0.45234375 0.0390625 0.0890625
4 0.846875 0.47890625 0.0640625 0.10625
2 0.653125 0.55 0.046875 0.184375
2 0.309375 0.5546875 0.096875 0.2015625
2 0.459375 0.56015625 0.0875 0.203125
2 0.53046875 0.5625 0.06875 0.1890625
2 0.5953125 0.56953125 0.09375 0.1828125
2 0.69609375 0.59609375 0.078125 0.23125
2 0.115625 0.59609375 0.1109375 0.325
2 0.1921875 0.61875 0.071875 0.25625
2 0.85 0.64296875 0.0984375 0.2265625
2 0.0359375 0.66953125 0.071875 0.3671875