0 0.40234375 0.20546875 0.0453125 0.0796875
0 0.8515625 0.20625 0.0484375 0.09375
0 0.66640625 0.21328125 0.0484375 0.0890625
0 0.2421875 0.228125 0.0421875 0.090625
0 0.5453125 0.22890625 0.046875 0.0921875
0 0.1453125 0.23046875 0.0453125 0.09375
0 0.60546875 0.2328125 0.040625 0.090625
0 0.57421875 0.2421875 0.0234375 0.046875
0 0.459375 0.253125 0.0296875 0.05625
2 0.41015625 0.31875 0.109375 0.1640625
2 0.60390625 0.321875 0.0734375 0.1390625
2 0.25703125 0.32265625 0.1046875 0.15625
2 0.6671875 0.32421875 0.1109375 0.171875
2 0.85234375 0.32890625 0.1234375 0.1765625
2 0.465625 0.33359375 0.059375 0.1265625
2 0.15078125 0.34140625 0.1140625 0.153125
2 0.5359375 0.35 0.1015625 0.171875