0 0.89140625 0.24375 0.134375 0.1984375
0 0.52734375 0.25546875 0.109375 0.196875
0 0.70234375 0.25625 0.0984375 0.1609375
0 0.2328125 0.2625 0.109375 0.18125
4 0.3546875 0.29921875 0.0734375 0.134375
0 0.2921875 0.30859375 0.0421875 0.1265625
0 0.8015625 0.31171875 0.065625 0.0984375
0 0.034375 0.31875 0.06875 0.221875
2 0.3796875 0.4703125 0.0984375 0.271875
2 0.5375 0.54609375 0.2859375 0.4578125
2 0.7421875 0.54609375 0.2109375 0.453125
2 0.89453125 0.54921875 0.2109375 0.4484375
2 0.221875 0.56640625 0.2796875 0.44375
2 0.06015625 0.596875 0.1203125 0.39375