4 0.0609375 0.38046875 0.0625 0.10625
0 0.734375 0.3890625 0.053125 0.090625
0 0.8546875 0.390625 0.0578125 0.1
0 0.40703125 0.396875 0.04375 0.0828125
4 0.31796875 0.403125 0.05625 0.096875
0 0.19375 0.409375 0.05 0.0859375
0 0.5859375 0.4609375 0.05625 0.09375
2 0.4078125 0.52890625 0.0921875 0.2125
2 0.184375 0.53671875 0.1375 0.196875
2 0.05234375 0.5375 0.1046875 0.2390625
2 0.3140625 0.5375 0.1015625 0.2
2 0.74609375 0.546875 0.121875 0.2375
2 0.865625 0.55625 0.1203125 0.2390625
2 0.584375 0.57265625 0.1125 0.16875