0 0.6875 0.2953125 0.05625 0.0953125
0 0.56640625 0.29765625 0.053125 0.0890625
0 0.22265625 0.30859375 0.0640625 0.121875
0 0.396875 0.31171875 0.0328125 0.0703125
0 0.3375 0.3125 0.053125 0.0875
0 0.42578125 0.328125 0.046875 0.09375
0 0.509375 0.3484375 0.0546875 0.09375
0 0.76328125 0.36875 0.065625 0.1015625
2 0.559375 0.43671875 0.121875 0.2109375
2 0.4375 0.4453125 0.109375 0.1765625
2 0.2171875 0.44609375 0.103125 0.2171875
2 0.334375 0.44609375 0.115625 0.190625
2 0.6875 0.45703125 0.109375 0.2609375
2 0.77109375 0.50859375 0.1015625 0.21875